1000	277.95
1001	277.95
1002	277.95
1003	277.95
1004	277.95
1005	277.95
1006	277.95
1007	277.95
1008	277.95
1009	277.95
1010	277.95
1011	277.95
1012	277.95
1013	277.95
1014	277.95
1015	277.95
1016	277.95
1017	277.95
1018	277.95
1019	277.95
1020	277.95
1021	277.95
1022	277.95
1023	277.95
1024	277.95
1025	277.95
1026	277.95
1027	277.95
1028	277.95
1029	277.95
1030	277.95
1031	277.95
1032	277.95
1033	277.95
1034	277.95
1035	277.95
1036	277.95
1037	277.95
1038	277.95
1039	277.95
1040	277.95
1041	277.95
1042	277.95
1043	277.95
1044	277.95
1045	277.95
1046	277.95
1047	277.95
1048	277.95
1049	277.95
1050	277.95
1051	277.95
1052	277.95
1053	277.95
1054	277.95
1055	277.95
1056	277.95
1057	277.95
1058	277.95
1059	277.95
1060	277.95
1061	277.95
1062	277.95
1063	277.95
1064	277.95
1065	277.95
1066	277.95
1067	277.95
1068	277.95
1069	277.95
1070	277.95
1071	277.95
1072	277.95
1073	277.95
1074	277.95
1075	277.95
1076	277.95
1077	277.95
1078	277.95
1079	277.95
1080	277.95
1081	277.95
1082	277.95
1083	277.95
1084	277.95
1085	277.95
1086	277.95
1087	277.95
1088	277.95
1089	277.95
1090	277.95
1091	277.95
1092	277.95
1093	277.95
1094	277.95
1095	277.95
1096	277.95
1097	277.95
1098	277.95
1099	277.95
1100	277.95
1101	277.95
1102	277.95
1103	277.95
1104	277.95
1105	277.95
1106	277.95
1107	277.95
1108	277.95
1109	277.95
1110	277.95
1111	277.95
1112	277.95
1113	277.95
1114	277.95
1115	277.95
1116	277.95
1117	277.95
1118	277.95
1119	277.95
1120	277.95
1121	277.95
1122	277.95
1123	277.95
1124	277.95
1125	277.95
1126	277.95
1127	277.95
1128	277.95
1129	277.95
1130	277.95
1131	277.95
1132	277.95
1133	277.95
1134	277.95
1135	277.95
1136	277.95
1137	277.95
1138	277.95
1139	277.95
1140	277.95
1141	277.95
1142	277.95
1143	277.95
1144	277.95
1145	277.95
1146	277.95
1147	277.95
1148	277.95
1149	277.95
1150	277.95
1151	277.95
1152	277.95
1153	277.95
1154	277.95
1155	277.95
1156	277.95
1157	277.95
1158	277.95
1159	277.95
1160	277.95
1161	277.95
1162	277.95
1163	277.95
1164	277.95
1165	277.95
1166	277.95
1167	277.95
1168	277.95
1169	277.95
1170	277.95
1171	277.95
1172	277.95
1173	277.95
1174	277.95
1175	277.95
1176	277.95
1177	277.95
1178	277.95
1179	277.95
1180	277.95
1181	277.95
1182	277.95
1183	277.95
1184	277.95
1185	277.95
1186	277.95
1187	277.95
1188	277.95
1189	277.95
1190	277.95
1191	277.95
1192	277.95
1193	277.95
1194	277.95
1195	277.95
1196	277.95
1197	277.95
1198	277.95
1199	277.95
1200	277.95
1201	277.95
1202	277.95
1203	277.95
1204	277.95
1205	277.95
1206	277.95
1207	277.95
1208	277.95
1209	277.95
1210	277.95
1211	277.95
1212	277.95
1213	277.95
1214	277.95
1215	277.95
1216	277.95
1217	277.95
1218	277.95
1219	277.95
1220	277.95
1221	277.95
1222	277.95
1223	277.95
1224	277.95
1225	277.95
1226	277.95
1227	277.95
1228	277.95
1229	277.95
1230	277.95
1231	277.95
1232	277.95
1233	277.95
1234	277.95
1235	277.95
1236	277.95
1237	277.95
1238	277.95
1239	277.95
1240	277.95
1241	277.95
1242	277.95
1243	277.95
1244	277.95
1245	277.95
1246	277.95
1247	277.95
1248	277.95
1249	277.95
1250	277.95
1251	277.95
1252	277.95
1253	277.95
1254	277.95
1255	277.95
1256	277.95
1257	277.95
1258	277.95
1259	277.95
1260	277.95
1261	277.95
1262	277.95
1263	277.95
1264	277.95
1265	277.95
1266	277.95
1267	277.95
1268	277.95
1269	277.95
1270	277.95
1271	277.95
1272	277.95
1273	277.95
1274	277.95
1275	277.95
1276	277.95
1277	277.95
1278	277.95
1279	277.95
1280	277.95
1281	277.95
1282	277.95
1283	277.95
1284	277.95
1285	277.95
1286	277.95
1287	277.95
1288	277.95
1289	277.95
1290	277.95
1291	277.95
1292	277.95
1293	277.95
1294	277.95
1295	277.95
1296	277.95
1297	277.95
1298	277.95
1299	277.95
1300	277.95
1301	277.95
1302	277.95
1303	277.95
1304	277.95
1305	277.95
1306	277.95
1307	277.95
1308	277.95
1309	277.95
1310	277.95
1311	277.95
1312	277.95
1313	277.95
1314	277.95
1315	277.95
1316	277.95
1317	277.95
1318	277.95
1319	277.95
1320	277.95
1321	277.95
1322	277.95
1323	277.95
1324	277.95
1325	277.95
1326	277.95
1327	277.95
1328	277.95
1329	277.95
1330	277.95
1331	277.95
1332	277.95
1333	277.95
1334	277.95
1335	277.95
1336	277.95
1337	277.95
1338	277.95
1339	277.95
1340	277.95
1341	277.95
1342	277.95
1343	277.95
1344	277.95
1345	277.95
1346	277.95
1347	277.95
1348	277.95
1349	277.95
1350	277.95
1351	277.95
1352	277.95
1353	277.95
1354	277.95
1355	277.95
1356	277.95
1357	277.95
1358	277.95
1359	277.95
1360	277.95
1361	277.95
1362	277.95
1363	277.95
1364	277.95
1365	277.95
1366	277.95
1367	277.95
1368	277.95
1369	277.95
1370	277.95
1371	277.95
1372	277.95
1373	277.95
1374	277.95
1375	277.95
1376	277.95
1377	277.95
1378	277.95
1379	277.95
1380	277.95
1381	277.95
1382	277.95
1383	277.95
1384	277.95
1385	277.95
1386	277.95
1387	277.95
1388	277.95
1389	277.95
1390	277.95
1391	277.95
1392	277.95
1393	277.95
1394	277.95
1395	277.95
1396	277.95
1397	277.95
1398	277.95
1399	277.95
1400	277.95
1401	277.95
1402	277.95
1403	277.95
1404	277.95
1405	277.95
1406	277.95
1407	277.95
1408	277.95
1409	277.95
1410	277.95
1411	277.95
1412	277.95
1413	277.95
1414	277.95
1415	277.95
1416	277.95
1417	277.95
1418	277.95
1419	277.95
1420	277.95
1421	277.95
1422	277.95
1423	277.95
1424	277.95
1425	277.95
1426	277.95
1427	277.95
1428	277.95
1429	277.95
1430	277.95
1431	277.95
1432	277.95
1433	277.95
1434	277.95
1435	277.95
1436	277.95
1437	277.95
1438	277.95
1439	277.95
1440	277.95
1441	277.95
1442	277.95
1443	277.95
1444	277.95
1445	277.95
1446	277.95
1447	277.95
1448	277.95
1449	277.95
1450	277.95
1451	277.95
1452	277.95
1453	277.95
1454	277.95
1455	277.95
1456	277.95
1457	277.95
1458	277.95
1459	277.95
1460	277.95
1461	277.95
1462	277.95
1463	277.95
1464	277.95
1465	277.95
1466	277.95
1467	277.95
1468	277.95
1469	277.95
1470	277.95
1471	277.95
1472	277.95
1473	277.95
1474	277.95
1475	277.95
1476	277.95
1477	277.95
1478	277.95
1479	277.95
1480	277.95
1481	277.95
1482	277.95
1483	277.95
1484	277.95
1485	277.95
1486	277.95
1487	277.95
1488	277.95
1489	277.95
1490	277.95
1491	277.95
1492	277.95
1493	277.95
1494	277.95
1495	277.95
1496	277.95
1497	277.95
1498	277.95
1499	277.95
1500	277.95
1501	277.95
1502	277.95
1503	277.95
1504	277.95
1505	277.95
1506	277.95
1507	277.95
1508	277.95
1509	277.95
1510	277.95
1511	277.95
1512	277.95
1513	277.95
1514	277.95
1515	277.95
1516	277.95
1517	277.95
1518	277.95
1519	277.95
1520	277.95
1521	277.95
1522	277.95
1523	277.95
1524	277.95
1525	277.95
1526	277.95
1527	277.95
1528	277.95
1529	277.95
1530	277.95
1531	277.95
1532	277.95
1533	277.95
1534	277.95
1535	277.95
1536	277.95
1537	277.95
1538	277.95
1539	277.95
1540	277.95
1541	277.95
1542	277.95
1543	277.95
1544	277.95
1545	277.95
1546	277.95
1547	277.95
1548	277.95
1549	277.95
1550	277.95
1551	277.95
1552	277.95
1553	277.95
1554	277.95
1555	277.95
1556	277.95
1557	277.95
1558	277.95
1559	277.95
1560	277.95
1561	277.95
1562	277.95
1563	277.95
1564	277.95
1565	277.95
1566	277.95
1567	277.95
1568	277.95
1569	277.95
1570	277.95
1571	277.95
1572	277.95
1573	277.95
1574	277.95
1575	277.95
1576	277.95
1577	277.95
1578	277.95
1579	277.95
1580	277.95
1581	277.95
1582	277.95
1583	277.95
1584	277.95
1585	277.95
1586	277.95
1587	277.95
1588	277.95
1589	277.95
1590	277.95
1591	277.95
1592	277.95
1593	277.95
1594	277.95
1595	277.95
1596	277.95
1597	277.95
1598	277.95
1599	277.95
1600	277.95
1601	277.95
1602	277.95
1603	277.95
1604	277.95
1605	277.95
1606	277.95
1607	277.95
1608	277.95
1609	277.95
1610	277.95
1611	277.95
1612	277.95
1613	277.95
1614	277.95
1615	277.95
1616	277.95
1617	277.95
1618	277.95
1619	277.95
1620	277.95
1621	277.95
1622	277.95
1623	277.95
1624	277.95
1625	277.95
1626	277.95
1627	277.95
1628	277.95
1629	277.95
1630	277.95
1631	277.95
1632	277.95
1633	277.95
1634	277.95
1635	277.95
1636	277.95
1637	277.95
1638	277.95
1639	277.95
1640	277.95
1641	277.95
1642	277.95
1643	277.95
1644	277.95
1645	277.95
1646	277.95
1647	277.95
1648	277.95
1649	277.95
1650	277.95
1651	277.95
1652	277.95
1653	277.95
1654	277.95
1655	277.95
1656	277.95
1657	277.95
1658	277.95
1659	277.95
1660	277.95
1661	277.95
1662	277.95
1663	277.95
1664	277.95
1665	277.95
1666	277.95
1667	277.95
1668	277.95
1669	277.95
1670	277.95
1671	277.95
1672	277.95
1673	277.95
1674	277.95
1675	277.95
1676	277.95
1677	277.95
1678	277.95
1679	277.95
1680	277.95
1681	277.95
1682	277.95
1683	277.95
1684	277.95
1685	277.95
1686	277.95
1687	277.95
1688	277.95
1689	277.95
1690	277.95
1691	277.95
1692	277.95
1693	277.95
1694	277.95
1695	277.95
1696	277.95
1697	277.95
1698	277.95
1699	277.95
1700	277.95
1701	277.95
1702	277.95
1703	277.95
1704	277.95
1705	277.95
1706	277.95
1707	277.95
1708	277.95
1709	277.95
1710	277.95
1711	277.95
1712	277.95
1713	277.95
1714	277.95
1715	277.95
1716	277.95
1717	277.95
1718	277.95
1719	277.95
1720	277.95
1721	277.95
1722	277.95
1723	277.95
1724	277.95
1725	277.95
1726	277.95
1727	277.95
1728	277.95
1729	277.95
1730	277.95
1731	277.95
1732	277.95
1733	277.95
1734	277.95
1735	277.95
1736	277.95
1737	277.95
1738	277.95
1739	277.95
1740	277.95
1741	277.95
1742	277.95
1743	277.95
1744	277.95
1745	277.95
1746	277.95
1747	277.95
1748	277.95
1749	277.95
1750	277.95
1751	277.95
1752	277.95
1753	277.95
1754	277.95
1755	277.95
1756	277.95
1757	277.95
1758	277.95
1759	277.95
1760	277.95
1761	277.95
1762	277.95
1763	277.95
1764	277.95
1765    277.95 
1766    277.98 
1767    278.01 
1768    278.04 
1769    278.08 
1770    278.12 
1771    278.16 
1772    278.21 
1773    278.26 
1774    278.31 
1775    278.36 
1776    278.42 
1777    278.48 
1778    278.55 
1779    278.61 
1780    278.68 
1781    278.76 
1782    278.83 
1783    278.91 
1784    279.00 
1785    279.08 
1786    279.17 
1787    279.26 
1788    279.36 
1789    279.46 
1790    279.56 
1791    279.67 
1792    279.78 
1793    279.89 
1794    280.01 
1795    280.13 
1796    280.25 
1797    280.38 
1798    280.51 
1799    280.64 
1800    280.78 
1801    280.91 
1802    281.05 
1803    281.19 
1804    281.34 
1805    281.48 
1806    281.62 
1807    281.76 
1808    281.91 
1809    282.05 
1810    282.19 
1811    282.32 
1812    282.46 
1813    282.59 
1814    282.72 
1815    282.84 
1816    282.96 
1817    283.08 
1818    283.19 
1819    283.30 
1820    283.40 
1821    283.50 
1822    283.60 
1823    283.70 
1824    283.79 
1825    283.88 
1826    283.97 
1827    284.07 
1828    284.16 
1829    284.25 
1830    284.34 
1831    284.44 
1832    284.53 
1833    284.63 
1834    284.74 
1835    284.84 
1836    284.96 
1837    285.07 
1838    285.19 
1839    285.32 
1840    285.45 
1841    285.59 
1842    285.74 
1843    285.88 
1844    286.03 
1845    286.17 
1846    286.31 
1847    286.45 
1848    286.58 
1849    286.72 
1850    286.85 
1851    286.97 
1852    287.09 
1853    287.21 
1854    287.33 
1855    287.44 
1856    287.55 
1857    287.66 
1858    287.76 
1859    287.87 
1860    287.97 
1861    288.08 
1862    288.18 
1863    288.29 
1864    288.41 
1865    288.52 
1866    288.65 
1867    288.77 
1868    288.91 
1869    289.04 
1870    289.19 
1871    289.34 
1872    289.50 
1873    289.66 
1874    289.83 
1875    290.01 
1876    290.20 
1877    290.39 
1878    290.59 
1879    290.80 
1880    291.02 
1881    291.24 
1882    291.47 
1883    291.70 
1884    291.94 
1885    292.19 
1886    292.44 
1887    292.69 
1888    292.94 
1889    293.20 
1890    293.46 
1891    293.71 
1892    293.97 
1893    294.22 
1894    294.48 
1895    294.72 
1896    294.96 
1897    295.20 
1898    295.44 
1899    295.68 
1900    295.92 
1901    296.16 
1902    296.41 
1903    296.66 
1904    296.93 
1905    297.20 
1906    297.48 
1907    297.76 
1908    298.06 
1909    298.35 
1910    298.65 
1911    298.96 
1912    299.26 
1913    299.57 
1914    299.88 
1915    300.20 
1916    300.51 
1917    300.82 
1918    301.14 
1919    301.45 
1920    301.77 
1921    302.08 
1922    302.39 
1923    302.71 
1924    303.02 
1925    303.33 
1926    303.63 
1927    303.93 
1928    304.22 
1929    304.51 
1930    304.79 
1931    305.07 
1932    305.34 
1933    305.61 
1934    305.88 
1935    306.15 
1936    306.41 
1937    306.68 
1938    306.95 
1939    307.23 
1940    307.51 
1941    307.79 
1942    308.09 
1943    308.40 
1944    308.72 
1945    309.05 
1946    309.40 
1947    309.77 
1948    310.15 
1949    310.54 
1950    310.96 
1951    311.39 
1952    311.84 
1953    312.31 
1954    312.81 
1955    313.33 
1956    313.87 
1957    314.44 
1958    315.03 
1959    315.66 
1960    316.31 
1961    316.98 
1962    317.67 
1963    318.38 
1964    319.11 
1965    319.87 
1966    320.69 
1967    321.57 
1968    322.52 
1969    323.52 
1970    324.59 
1971    325.72 
1972    326.88 
1973    328.09 
1974    329.31 
1975    330.55 
1976    331.83 
1977    333.16 
1978    334.54 
1979    335.96 
1980    337.42 
1981    338.88 
1982    340.37 
1983    341.88 
1984    343.42 
1985    344.99 
1986    346.60 
1987    348.25 
1988    349.93 
1989    351.62 
1990    353.32 
1991    355.06 
1992    355.99 
1993    356.62 
1994    357.84 
1995    359.88 
1996    361.82 
1997    363.15 
1998    365.02 
1999    367.76 
2000    368.75 
